# Created by Octave 3.6.1, Fri Apr 04 05:23:26 2014 HKT <liuhao@liuhao-Aspire-4755>
# name: saeSoftmaxOptTheta
# type: matrix
# rows: 2000
# columns: 1
 -0.09674737675516339
 0.0144118733743205
 0.09205620672090363
 -0.2750255265570326
 -0.1744729055346446
 -0.2183295561694231
 -0.2370569992344675
 1.152219892025999
 -0.09159942450769665
 -0.1654561409472472
 -0.1783186254809161
 -0.2055043014026125
 -0.1054084714589757
 0.4256474815092752
 -0.1354175987861907
 -0.2271670815954541
 0.1991091254566813
 -0.1960801743056068
 0.6333260879109343
 -0.2101863816374102
 -0.17750002773176
 -0.1866534250744593
 1.013877786435049
 -0.1826332210197071
 0.1065441140493479
 -0.2376981629272423
 -0.1939767127323616
 -0.1891711195210099
 -0.090476032755494
 0.1376868082125695
 -0.1347490978141652
 1.178232965935684
 0.01846771992365179
 -0.1751584940243093
 -0.1685913159156169
 -0.1335835017133908
 -0.1092237052470147
 -0.1384378192579815
 -0.206743991998757
 -0.1302127329574956
 -0.1472213230996159
 -0.174150802877134
 -0.04273631413274807
 -0.2123933200406532
 0.1595862417199746
 -0.1073518909020254
 0.8343143518496142
 -0.1667046512416664
 -0.2118193996149223
 0.06847711222965619
 -0.256700244215223
 -0.226077443835551
 -0.1601169580275897
 0.2923223165022104
 -0.1348757183364771
 -0.2153931829743554
 0.3847529503952078
 -0.1728570048351241
 0.6731223834130851
 -0.184177089766018
 -0.1511591552755283
 -0.2878485197187126
 -0.3954843580503912
 0.9098850394143744
 0.007252295227971337
 0.6668265136514974
 -0.2015296127112349
 0.07061198119235894
 -0.4668484358159616
 -0.1517057839290002
 -0.1581273674045889
 -0.01035445870520095
 -0.2077886541181703
 -0.2207119560323801
 -0.2101266215929795
 -0.2030774875859715
 0.0248990438038
 -0.1162245472106669
 0.1016580585769184
 0.9998539275118637
 0.500772017695973
 0.08151872042872151
 -0.07707828853242643
 0.04923900929401012
 -0.1019534935712103
 -0.06524752001624011
 -0.01714213432618324
 7.055535268869304e-07
 -0.2058379842525297
 -0.1642709910331065
 -0.237035340759823
 -0.076266093626931
 -0.2611389835659338
 0.02790774085734351
 0.1299519334068384
 0.9621437494089062
 -0.2794397191683995
 -0.0604006809034387
 -0.1926115392830099
 -0.01311102078366869
 -0.1803516866727613
 -0.1830778456365849
 -0.08928877893711361
 0.3142802901733197
 -0.05850548128410973
 -0.182255579182738
 -0.02163089572534568
 -0.06927841147680838
 0.6825914412138997
 -0.2124830320883428
 -0.1430772122327619
 0.03418492951843869
 0.02876454772668585
 0.05620763958950313
 0.09583855563411675
 -0.03645094433762219
 -0.0639075141118894
 0.0983837307443565
 0.005046432552769979
 -0.0749900951625236
 0.5075879484770488
 0.07591741186580134
 -0.08578299727121977
 0.04808308832282399
 -0.1059311531222645
 -0.06512985028897489
 -0.005827016633282076
 -0.004409520079309935
 -0.1998576067464655
 -0.1646502564307159
 -0.1489715857574186
 -0.2635933561040567
 0.1079194248771097
 -0.08394605133011095
 0.4838140508139116
 0.1395820780354307
 -0.2715529237318404
 -0.09326019157712651
 -0.1988309728784304
 0.3288394699406831
 -0.209320406072134
 -0.1757501876514417
 -0.1408219556196294
 0.17587221772468
 -0.1573652093705361
 -0.2175376251473308
 0.5152718225661296
 -0.06061935883701661
 0.4513452302224654
 -0.1810745189724108
 -0.2054651357418845
 -0.1390330827736194
 -0.3247526453950532
 -0.2862651366241707
 1.265347841532915
 -0.1071783528928973
 -0.2578009050695156
 -0.1259258043510777
 -0.09129471972684097
 0.272367888727543
 -0.225576958339385
 0.8171822635843143
 0.5119196299132949
 -0.1537253699816758
 -0.2324095006911667
 -0.1944092895931351
 -0.1650228325979891
 -0.0250123311426639
 -0.2598903355071466
 -0.07305527432053385
 -0.1508498681149029
 0.378814993308149
 -0.169032752769267
 -0.2451625162824727
 0.09374003331858105
 0.2018445877868998
 -0.2001484582246582
 0.05583490124510627
 -0.1379921526504801
 0.1729512099717411
 -0.1479276988973125
 -0.04854719422889492
 -0.005805470002989907
 -0.1011470688072207
 -0.1197451772786048
 0.01690039531657888
 -0.07679692410673848
 -0.09481496774735314
 -0.008636064194535779
 0.5865202765996783
 -0.143167377207168
 0.03416642367604402
 0.02860264291205949
 0.05647513256997511
 0.09608816864690153
 -0.03646191293148986
 -0.06397164509164432
 0.09829633263973005
 0.004947611804666679
 -0.07497531296385467
 -0.1431047118169939
 0.03462648926791981
 0.02927601944709997
 0.05604405043332231
 0.09579751041035889
 -0.03659522390603159
 -0.06391471814362362
 0.09869882725348832
 0.004528045909337543
 -0.07535629579120637
 -0.1432649696369927
 0.03343884534307603
 0.02750763326333245
 0.05717343503280999
 0.09654681550762452
 -0.03622562579677219
 -0.06408961482508015
 0.09763656247530371
 0.005604159026481826
 -0.07432729270913964
 0.4664553285515972
 -0.02161470563647902
 0.07667540724153016
 -0.08265660519842176
 -0.02232819948660524
 -0.07825427187758059
 -0.06563011497694447
 -0.000622345747645209
 -0.0873543389870373
 -0.1846702031682547
 -0.1460318234424159
 -0.03639962844914291
 -0.01530549474766728
 -0.3747638176949859
 0.01061978589771611
 -0.1468846836291345
 1.06468967804696
 -0.1717475558292361
 -0.1490953897044914
 -0.03508110996443576
 -0.1533314846218669
 0.006499766372704737
 0.002751996515560414
 0.04150436362035664
 0.1023102150393274
 -0.01587617334080226
 -0.09036031850602914
 0.05102811922494283
 0.02204239844553086
 0.03343112917678371
 0.3962319052665512
 0.02141313301535101
 -0.06711315549039369
 -0.03482976624589801
 -0.1167732798699214
 -0.004657734490588416
 0.02870800429620732
 0.02411086792752537
 -0.1001734948627083
 -0.1469164005498172
 -0.1432822111283774
 0.033318580963365
 0.0273273198325874
 0.05728523147227359
 0.09662444089580981
 -0.03618367777468342
 -0.06411505318207517
 0.09752733719546793
 0.005711839341235974
 -0.07421380632083878
 -0.2444557007510989
 0.6381716015739661
 0.9274034682994814
 -0.1702132980679757
 -0.4562911096639202
 -0.2011622358005906
 -0.1369615945115563
 -0.05203090663747209
 -0.2193146334171736
 -0.08514564781630067
 -0.1619837807609131
 0.2861975915729936
 -0.110919347113821
 0.05028080906318903
 -0.4174527115029836
 -0.1217492703411883
 0.02788366150560359
 0.1098211721700468
 0.2549807806214361
 0.08294108481846045
 -0.1253701378440548
 0.8308320518148153
 -0.05677068249120583
 0.00337044418145782
 -0.196567750363782
 0.05426971724851008
 -0.1640179130350528
 -0.2028127815540186
 -0.0379877349582984
 -0.1049451785802104
 -0.2059263021371248
 -0.1721147890384365
 -0.1408893616131097
 0.1731452734208575
 -0.1591173053996403
 -0.2173695097354088
 0.5117730205356636
 -0.05180026947206169
 0.4428269871207174
 -0.180527747075566
 0.5049482032195539
 0.07807087842559994
 -0.08246515984232455
 0.04869232144688098
 -0.1042876622740136
 -0.06518635577901022
 -0.01022425637110882
 -0.002813273867485818
 -0.2022115387779077
 -0.1645230870176586
 0.3961039542217251
 0.02145265769478359
 -0.06728600043829872
 -0.03463915679520661
 -0.116775793967009
 -0.004591951467550631
 0.02863890614692673
 0.02431741197377263
 -0.1003040264142905
 -0.146915983829025
 -0.1432748996264299
 0.03336493128494669
 0.02740032256527263
 0.05724162992674279
 0.09659386802645628
 -0.03620192770222274
 -0.06410360929708195
 0.09757139134264943
 0.005669901005406588
 -0.07426161031533859
 -0.211873259854557
 -0.1782274603666425
 -0.1406449201204405
 0.1775608274066247
 -0.1559820476802309
 -0.2175824449079029
 0.5172732373978973
 -0.06685915626082685
 0.4577159405065334
 -0.1813807333955786
 0.008517459424152152
 0.1091115148884585
 0.1127507563247978
 -0.253237186894586
 -0.302421331217263
 -0.2147296225005139
 -0.184758636021553
 1.026293904459153
 -0.1207529463199631
 -0.1807739102077499
 0.4663739673591268
 -0.02161307486204612
 0.07670005779059233
 -0.08264775356507345
 -0.02228572945777779
 -0.0782454692514685
 -0.06566230751146045
 -0.0005895106417999443
 -0.08735726423044823
 -0.1846729612519868
 -0.124668270618508
 -0.1673631975313139
 -0.1881980446693717
 -0.19377905496488
